compilation/sm_computation/OpComm: 1 : 0.001000000000000 : 0.001000000000000 : 1 : 0 : [93.5]
compilation/sc_user_interface/OpComm: 1,1,1,1 : 0.000000000000000 : 0.000000000000000, 0.000000000000000, 0.000000000000000, 0.000000000000000 : 1 : 0 : [0,0,0,0]
SampleTime=0.001000000000000
